%YAML:1.0

camera_matrix: !!opencv-matrix
   rows: 3
   cols: 3
   dt: d
   data: [5.0785490619803090e+02, 0., 320., 0., 5.0785490619803090e+02, 240., 0., 0., 1. ]
distortion_coefficients: !!opencv-matrix
   rows: 5
   cols: 1
   dt: d
   data: [ 9.9699024111603612e-02, -2.5483627796427633e-01, 0., 0., 1.3225903258891236e-01]


