<?xml version="1.0"?>
<opencv_storage>
<calibration_Time>"Friday, August 30, 2019 AM11:36:04 HKT"</calibration_Time>
<nrOfFrames>25</nrOfFrames>
<image_Width>640</image_Width>
<image_Height>480</image_Height>
<board_Width>8</board_Width>
<board_Height>5</board_Height>
<square_Size>25.</square_Size>
<FixAspectRatio>1.</FixAspectRatio>
<!-- flags:  +fix_aspectRatio +fix_principal_point +zero_tangent_dist -->
<flagValue>14</flagValue>
<Camera_Matrix type_id="opencv-matrix">
  <rows>3</rows>
  <cols>3</cols>
  <dt>d</dt>
  <data>
    5.0785490619803090e+02 0. 320. 0. 5.0785490619803090e+02 240. 0. 0.
    1.</data></Camera_Matrix>
<Distortion_Coefficients type_id="opencv-matrix">
  <rows>5</rows>
  <cols>1</cols>
  <dt>d</dt>
  <data>
    9.9699024111603612e-02 -2.5483627796427633e-01 0. 0.
    1.3225903258891236e-01</data></Distortion_Coefficients>
<Avg_Reprojection_Error>5.8846262519575676e-01</Avg_Reprojection_Error>
<Per_View_Reprojection_Errors type_id="opencv-matrix">
  <rows>25</rows>
  <cols>1</cols>
  <dt>f</dt>
  <data>
    5.81827998e-01 6.80513680e-01 1.41808617e+00 5.26624441e-01
    3.76583487e-01 3.73777837e-01 3.31374049e-01 3.88307065e-01
    1.91445231e-01 1.27361149e-01 2.42077902e-01 6.07103467e-01
    3.50287467e-01 8.64949584e-01 1.94567680e-01 3.71790111e-01
    5.97490668e-01 3.33920896e-01 7.46985078e-01 4.75225419e-01
    1.18423045e+00 5.57500541e-01 4.70358521e-01 4.55558360e-01
    3.22321028e-01</data></Per_View_Reprojection_Errors>
<!-- a set of 6-tuples (rotation vector + translation vector) for each view -->
<Extrinsic_Parameters type_id="opencv-matrix">
  <rows>25</rows>
  <cols>6</cols>
  <dt>d</dt>
  <data>
    8.6496720400088045e-02 1.2054295797556201e-01
    -3.1199170414079584e+00 7.6998182724730356e+01
    2.8771798450503422e+01 2.9491023274550776e+02 4.6652442504621576e-02
    -9.7980870016267832e-02 3.1209350231814303e+00
    8.7903796037936985e+01 5.2911790397604221e+01 2.0803525716734649e+02
    5.1726486356769674e-01 -1.1531890506917244e-01
    3.0699732417812178e+00 1.1970133060410217e+02 5.6729409865107222e+01
    2.2807235793134868e+02 5.1923496468646424e-01 3.1281633027393375e-02
    -3.0056333277441141e+00 -1.8812979435642696e+01
    7.7198368381562290e+01 3.6248362571925577e+02 4.7272863032727325e-01
    3.2067079524049796e-01 -3.0203092596796757e+00
    -2.8589525597052862e+01 2.3360774647747862e+00
    3.9690090989395674e+02 -1.2613439445080113e-01
    -2.1987629997946084e-01 3.1000813977273189e+00
    4.4377540990279336e+01 7.2444857004180392e+01 2.5573239303083264e+02
    9.7700849786822808e-02 -9.8923009591593170e-02
    3.0887504049325041e+00 9.3614295540097530e+01 9.0729460809117271e+01
    2.7704623196087852e+02 6.5601292757723985e-03 2.1927711396735969e-01
    -3.1039995217298673e+00 7.3149752559860161e+01
    -3.0537620090638740e+00 3.9977076149242993e+02
    -3.1948559932559562e-01 -1.3274563777730924e-01
    2.7434052336518429e+00 2.4166618959304223e+01
    -1.6643723978733448e+01 5.3646091355700662e+02
    -1.0671410633921311e-02 -1.3822468311575553e-01
    2.2667329833806362e+00 8.5996799739602181e+01
    -9.2455623639880116e+01 4.9428478714371818e+02
    -1.5664466071182652e-02 -9.9514153652980844e-02
    2.2030808007329470e+00 8.5818960668112467e+01
    -2.0741113641759394e+01 2.7118161887200932e+02
    -1.6437284053019783e-02 1.5035818568419629e-01
    -2.9116009266391081e+00 6.7627936807865410e+01
    6.9219509423883892e+01 2.8529226070745591e+02
    -9.3775114610759769e-02 1.3517007736673942e-01
    -2.4457009705345976e+00 3.6984434659112473e+01
    8.4655403998855746e+01 2.7721810257076828e+02
    -1.6107580223014451e-03 2.2697277436532223e-01
    -2.7409629508632096e+00 5.1071261100325756e+01
    4.6822333055531402e+01 2.8226721586793940e+02
    -2.8801607524998000e-02 1.2631463502380622e-01
    -3.0993273305872173e+00 8.8178998873984682e+01
    3.9829077123695797e+01 3.5302768940685684e+02 8.1893719964394221e-02
    4.4574176471894711e-01 -3.0806859231733665e+00
    5.5850225185599129e+01 -3.5645390049795189e+01
    4.5118404112758793e+02 1.5836141916920034e-02
    -6.9851311537116234e-01 3.0194406260547995e+00
    8.3774433275359257e+01 4.2759429463276938e+01 2.9890474764858374e+02
    -3.3152161834923734e-02 3.2658267647589384e-01
    -3.1108779373531164e+00 7.6218115827394072e+01
    3.6804094502009463e+01 2.4291294596776163e+02
    -1.0064371675262159e-02 -6.0078707830942146e-01
    -3.0494944087973490e+00 7.5245177716917837e+01
    4.7588783325885068e+01 2.2736940526295425e+02 2.7674840089567010e-01
    6.3363437744373008e-01 2.9537044710592864e+00 1.2089292361690200e+02
    1.4465023494934101e+01 1.9925222595914099e+02 4.3041536277120002e-01
    5.7918566797527538e-01 2.8433495529542285e+00 9.7821921456215279e+01
    5.8032213337922315e+01 1.8929103567212815e+02 4.8446282814754404e-01
    3.1877757513768773e-01 3.0509487251787593e+00 6.9363996707574046e+01
    5.0045843076735764e+01 2.0350225724193854e+02
    -1.8206351134921386e-01 1.6841707978533328e-02
    -3.0516308582759204e+00 4.5230272593316144e+01
    2.4988989522494268e+01 2.3632478411944527e+02
    -4.9620179018859255e-02 -7.0574902598777078e-02
    3.1048857571172066e+00 5.5788580007388191e+01 1.1974182254576350e+01
    3.0519671563087178e+02 -2.8877976045653037e-02
    -4.6560736552363861e-02 2.9812514512246371e+00
    8.1606672407752853e+01 2.6729081582925811e+01 2.1657571978956318e+02</data></Extrinsic_Parameters>
